[
    {
        "image": "Elettra-Carroponte2024-4014_pt.jpg",
        "timestamp": "2024:12:23 16:32:49",
        "image_width": 3840,
        "image_height": 5760,
        "camera_matrix_K": [
            [
                2212.9738650747,
                0.0,
                1921.9183142247
            ],
            [
                0.0,
                2212.9738650747,
                2876.3152586804
            ],
            [
                0.0,
                0.0,
                1.0
            ]
        ],
        "radial_distortion": [
            -0.0158488321,
            0.0127489656,
            -0.0027965167
        ],
        "tangential_distortion": [
            2.3399e-06,
            0.0001324454
        ],
        "camera_position_t": "-5.05, -24.68, 2.6342580297",
        "camera_rotation_R": [
            [
                -0.4687159489,
                0.8833480977,
                -0.0012237319
            ],
            [
                0.8828110672,
                0.4683817577,
                -0.0355408027
            ],
            [
                -0.0308217268,
                -0.0177388652,
                -0.9993674769
            ]
        ],
        "ID": 2024.0,
        "calibration_status": "original",
        "SequenceID": "Step01",
        "Corrected_ID": 4014,
        "corrected_camera_rotation_R": [
            [
                0.166125249,
                -0.9861046606,
                -0.0012237319
            ],
            [
                0.9861046606,
                0.166125249,
                -0.0355408027
            ],
            [
                -0.0308217268,
                -0.0177388652,
                -0.9993674769
            ]
        ],
        "angle": 174.84296117097477
    },
    {
        "image": "Elettra-Carroponte2024-4015_pt.jpg",
        "timestamp": "2024:12:23 16:32:52",
        "image_width": 3840,
        "image_height": 5760,
        "camera_matrix_K": [
            [
                2212.9738650747,
                0.0,
                1921.9183142247
            ],
            [
                0.0,
                2212.9738650747,
                2876.3152586804
            ],
            [
                0.0,
                0.0,
                1.0
            ]
        ],
        "radial_distortion": [
            -0.0158488321,
            0.0127489656,
            -0.0027965167
        ],
        "tangential_distortion": [
            2.3399e-06,
            0.0001324454
        ],
        "camera_position_t": "2.91, -1.92, 0",
        "camera_rotation_R": [
            [
                -0.4767274007,
                0.8790503899,
                0.0011821195
            ],
            [
                0.8784769545,
                0.4764641521,
                -0.035498622
            ],
            [
                -0.0317683151,
                -0.015884701,
                -0.9993690262
            ]
        ],
        "ID": 2024.0,
        "calibration_status": "original",
        "SequenceID": "Step01",
        "Corrected_ID": 4015,
        "corrected_camera_rotation_R": [
            [
                0.7714644918,
                -0.6362723772,
                0.0011821195
            ],
            [
                0.6362723772,
                0.7714644918,
                -0.035498622
            ],
            [
                -0.0317683151,
                -0.015884701,
                -0.9993690262
            ]
        ],
        "angle": 146.62077738458058
    },
    {
        "image": "Elettra-Carroponte2024-4016_pt.jpg",
        "timestamp": "2024:12:23 16:32:55",
        "image_width": 3840,
        "image_height": 5760,
        "camera_matrix_K": [
            [
                2212.9738650747,
                0.0,
                1921.9183142247
            ],
            [
                0.0,
                2212.9738650747,
                2876.3152586804
            ],
            [
                0.0,
                0.0,
                1.0
            ]
        ],
        "radial_distortion": [
            -0.0158488321,
            0.0127489656,
            -0.0027965167
        ],
        "tangential_distortion": [
            2.3399e-06,
            0.0001324454
        ],
        "camera_position_t": "0.06, -51.42, 5.633289",
        "camera_rotation_R": [
            [
                -0.4848099122,
                0.8746181352,
                0.0015705085
            ],
            [
                0.8740302386,
                0.4845483787,
                -0.0358330958
            ],
            [
                -0.0321012628,
                -0.0159995681,
                -0.9993565544
            ]
        ],
        "ID": 2024.0,
        "calibration_status": "original",
        "SequenceID": "Step01",
        "Corrected_ID": 4016,
        "corrected_camera_rotation_R": [
            [
                0.7731296617,
                -0.6342480006,
                0.0015705085
            ],
            [
                0.6342480006,
                0.7731296617,
                -0.0358330958
            ],
            [
                -0.0321012628,
                -0.0159995681,
                -0.9993565544
            ]
        ],
        "angle": -153.21264176968373
    },
    {
        "image": "Elettra-Carroponte2024-4017_pt.jpg",
        "timestamp": "2024:12:23 16:32:58",
        "image_width": 3840,
        "image_height": 5760,
        "camera_matrix_K": [
            [
                2212.9738650747,
                0.0,
                1921.9183142247
            ],
            [
                0.0,
                2212.9738650747,
                2876.3152586804
            ],
            [
                0.0,
                0.0,
                1.0
            ]
        ],
        "radial_distortion": [
            -0.0158488321,
            0.0127489656,
            -0.0027965167
        ],
        "tangential_distortion": [
            2.3399e-06,
            0.0001324454
        ],
        "camera_position_t": "0.26, -51.82, 5.634211",
        "camera_rotation_R": [
            [
                -0.4929909378,
                0.8700326348,
                0.0017747174
            ],
            [
                0.8694583263,
                0.4927376851,
                -0.0353806806
            ],
            [
                -0.0316568169,
                -0.0158993121,
                -0.9993723319
            ]
        ],
        "ID": 2024.0,
        "calibration_status": "original",
        "SequenceID": "Step01",
        "Corrected_ID": 4017,
        "corrected_camera_rotation_R": [
            [
                0.7747849349,
                -0.6322248845,
                0.0017747174
            ],
            [
                0.6322248845,
                0.7747849349,
                -0.0353806806
            ],
            [
                -0.0316568169,
                -0.0158993121,
                -0.9993723319
            ]
        ],
        "angle": -152.69185374147065
    },
    {
        "image": "Elettra-Carroponte2024-4018_pt.jpg",
        "timestamp": "2024:12:23 16:33:01",
        "image_width": 3840,
        "image_height": 5760,
        "camera_matrix_K": [
            [
                2212.9738650747,
                0.0,
                1921.9183142247
            ],
            [
                0.0,
                2212.9738650747,
                2876.3152586804
            ],
            [
                0.0,
                0.0,
                1.0
            ]
        ],
        "radial_distortion": [
            -0.0158488321,
            0.0127489656,
            -0.0027965167
        ],
        "tangential_distortion": [
            2.3399e-06,
            0.0001324454
        ],
        "camera_position_t": "0.47, -52.23, 5.634983",
        "camera_rotation_R": [
            [
                -0.5008590084,
                0.8655241864,
                0.0028524339
            ],
            [
                0.8649093777,
                0.5006224645,
                -0.0361789503
            ],
            [
                -0.032741749,
                -0.0156534564,
                -0.9993412566
            ]
        ],
        "ID": 2024.0,
        "calibration_status": "original",
        "SequenceID": "Step01",
        "Corrected_ID": 4018,
        "corrected_camera_rotation_R": [
            [
                0.7764705392,
                -0.6301535542,
                0.0028524339
            ],
            [
                0.6301535542,
                0.7764705392,
                -0.0361789503
            ],
            [
                -0.032741749,
                -0.0156534564,
                -0.9993412566
            ]
        ],
        "angle": -152.16344395882527
    },
    {
        "image": "Elettra-Carroponte2024-4019_pt.jpg",
        "timestamp": "2024:12:23 16:33:04",
        "image_width": 3840,
        "image_height": 5760,
        "camera_matrix_K": [
            [
                2212.9738650747,
                0.0,
                1921.9183142247
            ],
            [
                0.0,
                2212.9738650747,
                2876.3152586804
            ],
            [
                0.0,
                0.0,
                1.0
            ]
        ],
        "radial_distortion": [
            -0.0158488321,
            0.0127489656,
            -0.0027965167
        ],
        "tangential_distortion": [
            2.3399e-06,
            0.0001324454
        ],
        "camera_position_t": "0.69, -52.63, 5.636945",
        "camera_rotation_R": [
            [
                -0.5090634334,
                0.8607281558,
                0.0012094153
            ],
            [
                0.8601566444,
                0.5087756515,
                -0.0357474963
            ],
            [
                -0.0313841977,
                -0.0171574566,
                -0.9993601222
            ]
        ],
        "ID": 2024.0,
        "calibration_status": "original",
        "SequenceID": "Step01",
        "Corrected_ID": 4019,
        "corrected_camera_rotation_R": [
            [
                0.7781327381,
                -0.6280998662,
                0.0012094153
            ],
            [
                0.6280998662,
                0.7781327381,
                -0.0357474963
            ],
            [
                -0.0313841977,
                -0.0171574566,
                -0.9993601222
            ]
        ],
        "angle": -151.63320033947193
    },
    {
        "image": "Elettra-Carroponte2024-4020_pt.jpg",
        "timestamp": "2024:12:23 16:33:07",
        "image_width": 3840,
        "image_height": 5760,
        "camera_matrix_K": [
            [
                2212.9738650747,
                0.0,
                1921.9183142247
            ],
            [
                0.0,
                2212.9738650747,
                2876.3152586804
            ],
            [
                0.0,
                0.0,
                1.0
            ]
        ],
        "radial_distortion": [
            -0.0158488321,
            0.0127489656,
            -0.0027965167
        ],
        "tangential_distortion": [
            2.3399e-06,
            0.0001324454
        ],
        "camera_position_t": "0.91, -53.03, 5.638088",
        "camera_rotation_R": [
            [
                -0.5171750548,
                0.855878822,
                0.0011852545
            ],
            [
                0.8552941643,
                0.5168719912,
                -0.0362661985
            ],
            [
                -0.0316520961,
                -0.017742232,
                -0.9993414622
            ]
        ],
        "ID": 2024.0,
        "calibration_status": "original",
        "SequenceID": "Step01",
        "Corrected_ID": 4020,
        "corrected_camera_rotation_R": [
            [
                0.7798365707,
                -0.6259831651,
                0.0011852545
            ],
            [
                0.6259831651,
                0.7798365707,
                -0.0362661985
            ],
            [
                -0.0316520961,
                -0.017742232,
                -0.9993414622
            ]
        ],
        "angle": -151.10270425375333
    },
    {
        "image": "Elettra-Carroponte2024-4021_pt.jpg",
        "timestamp": "2024:12:23 16:33:10",
        "image_width": 3840,
        "image_height": 5760,
        "camera_matrix_K": [
            [
                2212.9738650747,
                0.0,
                1921.9183142247
            ],
            [
                0.0,
                2212.9738650747,
                2876.3152586804
            ],
            [
                0.0,
                0.0,
                1.0
            ]
        ],
        "radial_distortion": [
            -0.0158488321,
            0.0127489656,
            -0.0027965167
        ],
        "tangential_distortion": [
            2.3399e-06,
            0.0001324454
        ],
        "camera_position_t": "1.13, -53.43, 5.640381",
        "camera_rotation_R": [
            [
                -0.5251838936,
                0.8509878657,
                -0.0012370539
            ],
            [
                0.8504782517,
                0.5248179331,
                -0.0353960508
            ],
            [
                -0.0294723816,
                -0.0196415232,
                -0.9993725978
            ]
        ],
        "ID": 2024.0,
        "calibration_status": "original",
        "SequenceID": "Step01",
        "Corrected_ID": 4021,
        "corrected_camera_rotation_R": [
            [
                0.7814762506,
                -0.6239349883,
                -0.0012370539
            ],
            [
                0.6239349883,
                0.7814762506,
                -0.0353960508
            ],
            [
                -0.0294723816,
                -0.0196415232,
                -0.9993725978
            ]
        ],
        "angle": -150.5760323473848
    },
    {
        "image": "Elettra-Carroponte2024-4022_pt.jpg",
        "timestamp": "2024:12:23 16:33:13",
        "image_width": 3840,
        "image_height": 5760,
        "camera_matrix_K": [
            [
                2212.9738650747,
                0.0,
                1921.9183142247
            ],
            [
                0.0,
                2212.9738650747,
                2876.3152586804
            ],
            [
                0.0,
                0.0,
                1.0
            ]
        ],
        "radial_distortion": [
            -0.0158488321,
            0.0127489656,
            -0.0027965167
        ],
        "tangential_distortion": [
            2.3399e-06,
            0.0001324454
        ],
        "camera_position_t": "1.35, -53.82, 5.643489",
        "camera_rotation_R": [
            [
                -0.5326916095,
                0.846309419,
                0.0001285219
            ],
            [
                0.8457550728,
                0.5323481714,
                -0.0361079118
            ],
            [
                -0.0306268843,
                -0.0191256836,
                -0.9993478885
            ]
        ],
        "ID": 2024.0,
        "calibration_status": "original",
        "SequenceID": "Step01",
        "Corrected_ID": 4022,
        "corrected_camera_rotation_R": [
            [
                0.7831363985,
                -0.6218499669,
                0.0001285219
            ],
            [
                0.6218499669,
                0.7831363985,
                -0.0361079118
            ],
            [
                -0.0306268843,
                -0.0191256836,
                -0.9993478885
            ]
        ],
        "angle": -150.05057417270513
    },
    {
        "image": "Elettra-Carroponte2024-4023_pt.jpg",
        "timestamp": "2024:12:23 16:33:16",
        "image_width": 3840,
        "image_height": 5760,
        "camera_matrix_K": [
            [
                2212.9738650747,
                0.0,
                1921.9183142247
            ],
            [
                0.0,
                2212.9738650747,
                2876.3152586804
            ],
            [
                0.0,
                0.0,
                1.0
            ]
        ],
        "radial_distortion": [
            -0.0158488321,
            0.0127489656,
            -0.0027965167
        ],
        "tangential_distortion": [
            2.3399e-06,
            0.0001324454
        ],
        "camera_position_t": "1.58, -54.22, 5.646694",
        "camera_rotation_R": [
            [
                -0.5406345056,
                0.8412556487,
                -0.0018069233
            ],
            [
                0.8407296409,
                0.54021789,
                -0.0365828133
            ],
            [
                -0.0297993661,
                -0.0212970652,
                -0.9993289913
            ]
        ],
        "ID": 2024.0,
        "calibration_status": "original",
        "SequenceID": "Step01",
        "Corrected_ID": 4023,
        "corrected_camera_rotation_R": [
            [
                0.7848285494,
                -0.6197129562,
                -0.0018069233
            ],
            [
                0.6197129562,
                0.7848285494,
                -0.0365828133
            ],
            [
                -0.0297993661,
                -0.0212970652,
                -0.9993289913
            ]
        ],
        "angle": -149.52168174736303
    },
    {
        "image": "Elettra-Carroponte2024-4024_pt.jpg",
        "timestamp": "2024:12:23 16:33:19",
        "image_width": 3840,
        "image_height": 5760,
        "camera_matrix_K": [
            [
                2212.9738650747,
                0.0,
                1921.9183142247
            ],
            [
                0.0,
                2212.9738650747,
                2876.3152586804
            ],
            [
                0.0,
                0.0,
                1.0
            ]
        ],
        "radial_distortion": [
            -0.0158488321,
            0.0127489656,
            -0.0027965167
        ],
        "tangential_distortion": [
            2.3399e-06,
            0.0001324454
        ],
        "camera_position_t": "1.82, -54.61, 5.650868",
        "camera_rotation_R": [
            [
                -0.5483513575,
                0.8362399561,
                -0.0036775726
            ],
            [
                0.835761735,
                0.5478772158,
                -0.036508611
            ],
            [
                -0.028515101,
                -0.0230931209,
                -0.9993265716
            ]
        ],
        "ID": 2024.0,
        "calibration_status": "original",
        "SequenceID": "Step01",
        "Corrected_ID": 4024,
        "corrected_camera_rotation_R": [
            [
                0.7864819696,
                -0.6176132378,
                -0.0036775726
            ],
            [
                0.6176132378,
                0.7864819696,
                -0.036508611
            ],
            [
                -0.028515101,
                -0.0230931209,
                -0.9993265716
            ]
        ],
        "angle": -148.99665563223053
    },
    {
        "image": "Elettra-Carroponte2024-4025_pt.jpg",
        "timestamp": "2024:12:23 16:33:22",
        "image_width": 3840,
        "image_height": 5760,
        "camera_matrix_K": [
            [
                2212.9738650747,
                0.0,
                1921.9183142247
            ],
            [
                0.0,
                2212.9738650747,
                2876.3152586804
            ],
            [
                0.0,
                0.0,
                1.0
            ]
        ],
        "radial_distortion": [
            -0.0158488321,
            0.0127489656,
            -0.0027965167
        ],
        "tangential_distortion": [
            2.3399e-06,
            0.0001324454
        ],
        "camera_position_t": "2.05, -54.99, 5.65604",
        "camera_rotation_R": [
            [
                -0.5559955608,
                0.8311757327,
                -0.0039796609
            ],
            [
                0.8306930518,
                0.5554951947,
                -0.0370694277
            ],
            [
                -0.0286005262,
                -0.0239163139,
                -0.9993047682
            ]
        ],
        "ID": 2024.0,
        "calibration_status": "original",
        "SequenceID": "Step01",
        "Corrected_ID": 4025,
        "corrected_camera_rotation_R": [
            [
                0.7881267615,
                -0.6155129631,
                -0.0039796609
            ],
            [
                0.6155129631,
                0.7881267615,
                -0.0370694277
            ],
            [
                -0.0286005262,
                -0.0239163139,
                -0.9993047682
            ]
        ],
        "angle": -148.47372457968638
    },
    {
        "image": "Elettra-Carroponte2024-4026_pt.jpg",
        "timestamp": "2024:12:23 16:33:25",
        "image_width": 3840,
        "image_height": 5760,
        "camera_matrix_K": [
            [
                2212.9738650747,
                0.0,
                1921.9183142247
            ],
            [
                0.0,
                2212.9738650747,
                2876.3152586804
            ],
            [
                0.0,
                0.0,
                1.0
            ]
        ],
        "radial_distortion": [
            -0.0158488321,
            0.0127489656,
            -0.0027965167
        ],
        "tangential_distortion": [
            2.3399e-06,
            0.0001324454
        ],
        "camera_position_t": "2.29, -55.38, 5.661378",
        "camera_rotation_R": [
            [
                -0.5639529935,
                0.8257972014,
                -0.0040004037
            ],
            [
                0.8253231981,
                0.5634502847,
                -0.0369512553
            ],
            [
                -0.0282602147,
                -0.024140397,
                -0.9993090621
            ]
        ],
        "ID": 2024.0,
        "calibration_status": "original",
        "SequenceID": "Step01",
        "Corrected_ID": 4026,
        "corrected_camera_rotation_R": [
            [
                0.7897820411,
                -0.6133875835,
                -0.0040004037
            ],
            [
                0.6133875835,
                0.7897820411,
                -0.0369512553
            ],
            [
                -0.0282602147,
                -0.024140397,
                -0.9993090621
            ]
        ],
        "angle": -147.94768074924335
    },
    {
        "image": "Elettra-Carroponte2024-4027_pt.jpg",
        "timestamp": "2024:12:23 16:33:28",
        "image_width": 3840,
        "image_height": 5760,
        "camera_matrix_K": [
            [
                2212.9738650747,
                0.0,
                1921.9183142247
            ],
            [
                0.0,
                2212.9738650747,
                2876.3152586804
            ],
            [
                0.0,
                0.0,
                1.0
            ]
        ],
        "radial_distortion": [
            -0.0158488321,
            0.0127489656,
            -0.0027965167
        ],
        "tangential_distortion": [
            2.3399e-06,
            0.0001324454
        ],
        "camera_position_t": "2.53, -55.76, 5.666576",
        "camera_rotation_R": [
            [
                -0.5715201885,
                0.8205610725,
                -0.0066483345
            ],
            [
                0.8201531781,
                0.5709348752,
                -0.0371770446
            ],
            [
                -0.0267102696,
                -0.0267000842,
                -0.999286579
            ]
        ],
        "ID": 2024.0,
        "calibration_status": "original",
        "SequenceID": "Step01",
        "Corrected_ID": 4027,
        "corrected_camera_rotation_R": [
            [
                0.7914069282,
                -0.6112896809,
                -0.0066483345
            ],
            [
                0.6112896809,
                0.7914069282,
                -0.0371770446
            ],
            [
                -0.0267102696,
                -0.0267000842,
                -0.999286579
            ]
        ],
        "angle": -147.42900534574258
    },
    {
        "image": "Elettra-Carroponte2024-4028_pt.jpg",
        "timestamp": "2024:12:23 16:33:31",
        "image_width": 3840,
        "image_height": 5760,
        "camera_matrix_K": [
            [
                2212.9738650747,
                0.0,
                1921.9183142247
            ],
            [
                0.0,
                2212.9738650747,
                2876.3152586804
            ],
            [
                0.0,
                0.0,
                1.0
            ]
        ],
        "radial_distortion": [
            -0.0158488321,
            0.0127489656,
            -0.0027965167
        ],
        "tangential_distortion": [
            2.3399e-06,
            0.0001324454
        ],
        "camera_position_t": "2.77, -56.14, 5.671008",
        "camera_rotation_R": [
            [
                -0.5790943305,
                0.8152409412,
                -0.0056536881
            ],
            [
                0.8148162857,
                0.5785359394,
                -0.0370214456
            ],
            [
                -0.0269105364,
                -0.0260456264,
                -0.9992984781
            ]
        ],
        "ID": 2024.0,
        "calibration_status": "original",
        "SequenceID": "Step01",
        "Corrected_ID": 4028,
        "corrected_camera_rotation_R": [
            [
                0.793038001,
                -0.609172167,
                -0.0056536881
            ],
            [
                0.609172167,
                0.793038001,
                -0.0370214456
            ],
            [
                -0.0269105364,
                -0.0260456264,
                -0.9992984781
            ]
        ],
        "angle": -146.90396060817275
    },
    {
        "image": "Elettra-Carroponte2024-4029_pt.jpg",
        "timestamp": "2024:12:23 16:33:34",
        "image_width": 3840,
        "image_height": 5760,
        "camera_matrix_K": [
            [
                2212.9738650747,
                0.0,
                1921.9183142247
            ],
            [
                0.0,
                2212.9738650747,
                2876.3152586804
            ],
            [
                0.0,
                0.0,
                1.0
            ]
        ],
        "radial_distortion": [
            -0.0158488321,
            0.0127489656,
            -0.0027965167
        ],
        "tangential_distortion": [
            2.3399e-06,
            0.0001324454
        ],
        "camera_position_t": "3.03, -56.52, 5.67118",
        "camera_rotation_R": [
            [
                -0.5866774039,
                0.8098019246,
                -0.0055196605
            ],
            [
                0.8093925712,
                0.5861319871,
                -0.0365097157
            ],
            [
                -0.0263303884,
                -0.0258869974,
                -0.9993180545
            ]
        ],
        "ID": 2024.0,
        "calibration_status": "original",
        "SequenceID": "Step01",
        "Corrected_ID": 4029,
        "corrected_camera_rotation_R": [
            [
                0.7946939797,
                -0.6070102789,
                -0.0055196605
            ],
            [
                0.6070102789,
                0.7946939797,
                -0.0365097157
            ],
            [
                -0.0263303884,
                -0.0258869974,
                -0.9993180545
            ]
        ],
        "angle": -146.37178836742874
    },
    {
        "image": "Elettra-Carroponte2024-4030_pt.jpg",
        "timestamp": "2024:12:23 16:33:37",
        "image_width": 3840,
        "image_height": 5760,
        "camera_matrix_K": [
            [
                2212.9738650747,
                0.0,
                1921.9183142247
            ],
            [
                0.0,
                2212.9738650747,
                2876.3152586804
            ],
            [
                0.0,
                0.0,
                1.0
            ]
        ],
        "radial_distortion": [
            -0.0158488321,
            0.0127489656,
            -0.0027965167
        ],
        "tangential_distortion": [
            2.3399e-06,
            0.0001324454
        ],
        "camera_position_t": "3.28, -56.90, 5.666064",
        "camera_rotation_R": [
            [
                -0.5945943121,
                0.8040127077,
                -0.0046010662
            ],
            [
                0.8035368395,
                0.5940233725,
                -0.0382724509
            ],
            [
                -0.028038396,
                -0.0264537078,
                -0.9992567486
            ]
        ],
        "ID": 2024.0,
        "calibration_status": "original",
        "SequenceID": "Step01",
        "Corrected_ID": 4030,
        "corrected_camera_rotation_R": [
            [
                0.7964302501,
                -0.6047304001,
                -0.0046010662
            ],
            [
                0.6047304001,
                0.7964302501,
                -0.0382724509
            ],
            [
                -0.028038396,
                -0.0264537078,
                -0.9992567486
            ]
        ],
        "angle": -145.84109659955388
    },
    {
        "image": "Elettra-Carroponte2024-4031_pt.jpg",
        "timestamp": "2024:12:23 16:33:40",
        "image_width": 3840,
        "image_height": 5760,
        "camera_matrix_K": [
            [
                2212.9738650747,
                0.0,
                1921.9183142247
            ],
            [
                0.0,
                2212.9738650747,
                2876.3152586804
            ],
            [
                0.0,
                0.0,
                1.0
            ]
        ],
        "radial_distortion": [
            -0.0158488321,
            0.0127489656,
            -0.0027965167
        ],
        "tangential_distortion": [
            2.3399e-06,
            0.0001324454
        ],
        "camera_position_t": "3.54, -57.28, 5.662926",
        "camera_rotation_R": [
            [
                -0.6025199731,
                0.7981021576,
                -0.0016211472
            ],
            [
                0.7975952099,
                0.6020622686,
                -0.0369175559
            ],
            [
                -0.0284879494,
                -0.023536584,
                -0.9993169997
            ]
        ],
        "ID": 2024.0,
        "calibration_status": "original",
        "SequenceID": "Step01",
        "Corrected_ID": 4031,
        "corrected_camera_rotation_R": [
            [
                0.7980447151,
                -0.6025982349,
                -0.0016211472
            ],
            [
                0.6025982349,
                0.7980447151,
                -0.0369175559
            ],
            [
                -0.0284879494,
                -0.023536584,
                -0.9993169997
            ]
        ],
        "angle": -145.3110522942622
    },
    {
        "image": "Elettra-Carroponte2024-4032_pt.jpg",
        "timestamp": "2024:12:23 16:33:43",
        "image_width": 3840,
        "image_height": 5760,
        "camera_matrix_K": [
            [
                2212.9738650747,
                0.0,
                1921.9183142247
            ],
            [
                0.0,
                2212.9738650747,
                2876.3152586804
            ],
            [
                0.0,
                0.0,
                1.0
            ]
        ],
        "radial_distortion": [
            -0.0158488321,
            0.0127489656,
            -0.0027965167
        ],
        "tangential_distortion": [
            2.3399e-06,
            0.0001324454
        ],
        "camera_position_t": "3.80, -57.65, 5.663337",
        "camera_rotation_R": [
            [
                -0.6092506648,
                0.7929762384,
                -0.0015207759
            ],
            [
                0.7924581812,
                0.6087809883,
                -0.0373595957
            ],
            [
                -0.0286994522,
                -0.0239665098,
                -0.9993007294
            ]
        ],
        "ID": 2024.0,
        "calibration_status": "original",
        "SequenceID": "Step01",
        "Corrected_ID": 4032,
        "corrected_camera_rotation_R": [
            [
                0.7996942213,
                -0.6004074887,
                -0.0015207759
            ],
            [
                0.6004074887,
                0.7996942213,
                -0.0373595957
            ],
            [
                -0.0286994522,
                -0.0239665098,
                -0.9993007294
            ]
        ],
        "angle": -144.78449128368004
    },
    {
        "image": "Elettra-Carroponte2024-4033_pt.jpg",
        "timestamp": "2024:12:23 16:33:46",
        "image_width": 3840,
        "image_height": 5760,
        "camera_matrix_K": [
            [
                2212.9738650747,
                0.0,
                1921.9183142247
            ],
            [
                0.0,
                2212.9738650747,
                2876.3152586804
            ],
            [
                0.0,
                0.0,
                1.0
            ]
        ],
        "radial_distortion": [
            -0.0158488321,
            0.0127489656,
            -0.0027965167
        ],
        "tangential_distortion": [
            2.3399e-06,
            0.0001324454
        ],
        "camera_position_t": "4.06, -58.02, 5.660469",
        "camera_rotation_R": [
            [
                -0.6170513075,
                0.786921886,
                0.0012764305
            ],
            [
                0.7863642888,
                0.6166735631,
                -0.0366731778
            ],
            [
                -0.0296460672,
                -0.021625493,
                -0.9993264976
            ]
        ],
        "ID": 2024.0,
        "calibration_status": "original",
        "SequenceID": "Step01",
        "Corrected_ID": 4033,
        "corrected_camera_rotation_R": [
            [
                0.8013346886,
                -0.5982162793,
                0.0012764305
            ],
            [
                0.5982162793,
                0.8013346886,
                -0.0366731778
            ],
            [
                -0.0296460672,
                -0.021625493,
                -0.9993264976
            ]
        ],
        "angle": -144.25988944991397
    },
    {
        "image": "Elettra-Carroponte2024-4034_pt.jpg",
        "timestamp": "2024:12:23 16:33:49",
        "image_width": 3840,
        "image_height": 5760,
        "camera_matrix_K": [
            [
                2212.9738650747,
                0.0,
                1921.9183142247
            ],
            [
                0.0,
                2212.9738650747,
                2876.3152586804
            ],
            [
                0.0,
                0.0,
                1.0
            ]
        ],
        "radial_distortion": [
            -0.0158488321,
            0.0127489656,
            -0.0027965167
        ],
        "tangential_distortion": [
            2.3399e-06,
            0.0001324454
        ],
        "camera_position_t": "4.33, -58.39, 5.658387",
        "camera_rotation_R": [
            [
                -0.6241114584,
                0.7813333501,
                0.0017559901
            ],
            [
                0.7807674361,
                0.6237419398,
                -0.0367178892
            ],
            [
                -0.029784196,
                -0.0215450355,
                -0.9993241282
            ]
        ],
        "ID": 2024.0,
        "calibration_status": "original",
        "SequenceID": "Step01",
        "Corrected_ID": 4034,
        "corrected_camera_rotation_R": [
            [
                0.8029522325,
                -0.5960433813,
                0.0017559901
            ],
            [
                0.5960433813,
                0.8029522325,
                -0.0367178892
            ],
            [
                -0.029784196,
                -0.0215450355,
                -0.9993241282
            ]
        ],
        "angle": -143.74039131391993
    },
    {
        "image": "Elettra-Carroponte2024-4035_pt.jpg",
        "timestamp": "2024:12:23 16:33:52",
        "image_width": 3840,
        "image_height": 5760,
        "camera_matrix_K": [
            [
                2212.9738650747,
                0.0,
                1921.9183142247
            ],
            [
                0.0,
                2212.9738650747,
                2876.3152586804
            ],
            [
                0.0,
                0.0,
                1.0
            ]
        ],
        "radial_distortion": [
            -0.0158488321,
            0.0127489656,
            -0.0027965167
        ],
        "tangential_distortion": [
            2.3399e-06,
            0.0001324454
        ],
        "camera_position_t": "4.60, -58.75, 5.657824",
        "camera_rotation_R": [
            [
                -0.6310411843,
                0.7757405559,
                0.0036896514
            ],
            [
                0.7751229456,
                0.6307156091,
                -0.0371784851
            ],
            [
                -0.0311679794,
                -0.0206012218,
                -0.9993018296
            ]
        ],
        "ID": 2024.0,
        "calibration_status": "original",
        "SequenceID": "Step01",
        "Corrected_ID": 4035,
        "corrected_camera_rotation_R": [
            [
                0.8045868379,
                -0.593835011,
                0.0036896514
            ],
            [
                0.593835011,
                0.8045868379,
                -0.0371784851
            ],
            [
                -0.0311679794,
                -0.0206012218,
                -0.9993018296
            ]
        ],
        "angle": -143.2177260292495
    },
    {
        "image": "Elettra-Carroponte2024-4036_pt.jpg",
        "timestamp": "2024:12:23 16:33:55",
        "image_width": 3840,
        "image_height": 5760,
        "camera_matrix_K": [
            [
                2212.9738650747,
                0.0,
                1921.9183142247
            ],
            [
                0.0,
                2212.9738650747,
                2876.3152586804
            ],
            [
                0.0,
                0.0,
                1.0
            ]
        ],
        "radial_distortion": [
            -0.0158488321,
            0.0127489656,
            -0.0027965167
        ],
        "tangential_distortion": [
            2.3399e-06,
            0.0001324454
        ],
        "camera_position_t": "4.87, -59.11, 5.656518",
        "camera_rotation_R": [
            [
                -0.6379889575,
                0.7700220217,
                0.0060146682
            ],
            [
